1 10 1 1
1 20 -1 1
2 9 21 1 1
2 9 11 -1 2
2 21 19 -1 2
2 22 18 -1 2
2 18 22 1 2
2 12 8 -1 2
2 8 12 1 2
3 18 20 22 -1 4
3 20 18 22 1 8
3 20 22 18 1 8
3 22 20 18 -1 4
3 22 18 20 1 8
3 18 22 20 1 8
3 8 12 10 -1 8
3 12 10 8 1 4
3 8 10 12 1 4
3 10 8 12 -1 8
3 12 8 10 -1 8
3 10 12 8 -1 8
4 18 20 20 22 1 8
4 18 20 22 20 -1 8
4 20 20 18 22 1 32
4 22 20 20 18 -1 8
4 18 21 19 22 -1 8
4 18 22 18 22 -1 8
4 18 22 20 20 1 32
4 18 18 22 22 1 16
4 22 20 18 20 1 8
4 22 18 21 19 1 16
4 21 19 22 18 1 16
4 20 22 20 18 1 8
4 18 22 21 19 1 16
4 20 22 18 20 -1 16
4 22 21 19 18 -1 8
4 22 18 22 18 1 8
4 21 19 18 22 1 16
4 20 18 20 22 -1 8
4 20 18 22 20 1 16
4 20 20 22 18 -1 32
4 22 18 20 20 -1 32
4 22 22 18 18 -1 16
4 9 22 21 18 1 4
4 9 21 22 18 -1 8
4 9 18 22 21 -1 8
4 9 21 18 22 -1 8
4 9 22 18 21 -1 8
4 9 18 21 22 1 4
4 9 8 22 21 -1 4
4 9 8 21 22 1 4
4 8 9 22 21 1 4
4 8 9 21 22 -1 4
4 9 12 18 21 -1 4
4 9 12 21 18 1 4
4 12 9 18 21 1 4
4 12 9 21 18 -1 4
4 12 8 9 21 -1 8
4 9 12 8 21 -1 8
4 8 12 9 21 -1 8
4 12 9 8 21 1 4
4 9 8 12 21 -1 8
4 8 9 12 21 1 4
4 8 12 9 11 1 16
4 10 10 8 12 1 32
4 10 8 12 10 1 16
4 12 12 8 8 -1 16
4 10 12 10 8 1 8
4 10 10 12 8 -1 32
4 8 12 8 12 -1 8
4 12 8 12 8 1 8
4 8 8 12 12 1 16
4 12 8 10 10 -1 32
4 12 8 9 11 1 16
4 12 10 8 10 1 8
4 9 11 8 12 1 16
4 10 8 10 12 -1 8
4 12 9 11 8 -1 8
4 8 9 11 12 -1 8
4 8 12 10 10 1 32
4 12 10 10 8 -1 8
4 10 12 8 10 -1 16
4 8 10 12 10 -1 8
4 9 11 12 8 1 16
4 8 10 10 12 1 8
5 20 22 21 19 18 1 16
5 18 22 20 18 22 -3 64
5 18 20 20 22 20 3 32
5 18 20 20 20 22 -1 16
5 18 18 22 22 20 5 128
5 20 22 20 20 18 3 32
5 18 20 21 19 22 1 16
5 20 22 18 21 19 -1 32
5 18 22 20 20 20 1 128
5 18 22 18 22 20 -9 128
5 20 21 19 22 18 -1 64
5 18 22 22 20 18 -1 32
5 20 22 18 22 18 -9 128
5 21 19 22 20 18 1 16
5 21 19 20 22 18 -1 64
5 22 22 18 18 20 5 128
5 18 20 18 22 22 -1 32
5 20 18 22 20 20 3 128
5 18 18 20 22 22 -1 64
5 20 18 20 22 20 -3 32
5 22 18 22 18 20 -9 128
5 18 21 19 22 20 -1 16
5 20 18 21 19 22 -1 16
5 18 22 22 18 20 3 128
5 22 20 18 21 19 1 16
5 22 18 18 20 22 -1 32
5 22 18 22 20 18 3 32
5 22 18 20 22 18 -3 64
5 22 21 19 20 18 -1 16
5 18 22 18 20 22 3 32
5 18 20 22 18 22 3 32
5 18 18 22 20 22 -1 32
5 20 20 22 20 18 -3 64
5 22 18 20 21 19 -1 64
5 20 22 22 18 18 5 128
5 22 20 21 19 18 -1 16
5 20 18 18 22 22 5 128
5 20 20 20 18 22 1 128
5 22 21 19 18 20 1 16
5 20 18 20 20 22 3 32
5 20 21 19 18 22 1 64
5 22 20 20 20 18 -1 16
5 18 22 21 19 20 1 64
5 20 22 18 20 20 3 128
5 20 22 18 18 22 3 128
5 20 20 18 22 20 3 128
5 20 18 22 18 22 -9 128
5 20 18 22 21 19 1 32
5 21 19 22 18 20 -1 32
5 18 21 19 20 22 1 16
5 22 18 21 19 20 -1 64
5 22 20 18 22 18 3 32
5 22 20 22 18 18 -1 32
5 22 18 20 18 22 1 64
5 21 19 18 22 20 1 32
5 21 19 18 20 22 -1 16
5 18 20 22 22 18 -1 32
5 20 22 20 18 20 -3 32
5 22 20 18 20 20 -3 64
5 22 18 20 20 20 1 128
5 18 20 22 20 20 -3 64
5 20 20 22 18 20 3 128
5 21 19 20 18 22 1 64
5 18 22 20 22 18 1 64
5 18 20 22 21 19 -1 16
5 20 20 18 20 22 -3 64
5 20 20 20 22 18 1 128
5 22 22 18 20 18 -1 32
5 20 18 22 22 18 3 128
5 22 20 20 18 20 3 32
5 22 22 20 18 18 -1 64
5 18 22 20 21 19 1 64
5 22 20 18 18 22 -1 32
5 22 18 18 22 20 3 128
5 9 21 20 18 22 -1 32
5 9 18 20 21 22 -1 8
5 9 20 21 22 18 1 32
5 9 22 18 20 21 1 32
5 9 22 20 21 18 1 8
5 9 22 18 21 20 1 32
5 9 20 21 18 22 -1 32
5 9 21 22 18 20 1 16
5 9 18 21 20 22 -1 8
5 9 18 21 22 20 1 8
5 9 21 18 20 22 1 8
5 9 22 21 20 18 1 8
5 9 18 22 21 20 -1 32
5 9 22 20 18 21 -1 8
5 9 20 18 22 21 -1 16
5 9 20 22 21 18 -1 8
5 9 20 22 18 21 1 16
5 9 22 21 18 20 -1 8
5 9 21 18 22 20 -1 16
5 9 21 20 22 18 1 32
5 9 18 22 20 21 -1 32
5 9 18 20 22 21 1 8
5 9 20 18 21 22 1 8
5 9 21 22 20 18 -1 8
5 9 8 21 20 22 -1 8
5 9 8 22 20 21 -1 8
5 9 8 20 22 21 1 8
5 9 8 21 22 20 1 8
5 8 9 21 20 22 1 8
5 8 9 22 20 21 1 8
5 8 9 20 22 21 -1 8
5 8 9 21 22 20 -1 8
5 9 10 21 22 18 1 32
5 9 10 18 22 21 1 32
5 9 10 21 18 22 -1 32
5 9 10 22 18 21 -1 32
5 9 12 21 20 18 1 8
5 9 12 21 18 20 -1 8
5 9 12 18 20 21 1 8
5 9 12 20 18 21 -1 8
5 10 9 21 22 18 -1 32
5 10 9 18 22 21 -1 32
5 10 9 21 18 22 1 32
5 10 9 22 18 21 1 32
5 12 9 21 20 18 -1 8
5 12 9 21 18 20 1 8
5 12 9 18 20 21 -1 8
5 12 9 20 18 21 1 8
5 10 12 9 18 21 1 8
5 10 12 9 21 18 -1 8
5 9 10 12 18 21 -1 8
5 9 10 12 21 18 1 8
5 9 8 10 22 21 -1 8
5 9 8 10 21 22 1 8
5 9 12 10 18 21 1 8
5 9 12 10 21 18 -1 8
5 8 10 9 22 21 1 8
5 8 10 9 21 22 -1 8
5 10 8 9 22 21 -1 8
5 10 8 9 21 22 1 8
5 12 8 9 21 20 1 32
5 12 8 9 20 21 -1 32
5 12 10 9 18 21 -1 8
5 12 10 9 21 18 1 8
5 9 12 8 21 20 -1 32
5 9 12 8 20 21 1 32
5 9 10 8 22 21 1 8
5 9 10 8 21 22 -1 8
5 8 12 9 21 20 -1 32
5 8 12 9 20 21 1 32
5 9 8 12 21 20 1 32
5 9 8 12 20 21 -1 32
5 10 12 8 9 21 -1 16
5 8 10 12 9 21 -1 8
5 12 8 9 10 21 -1 32
5 9 8 10 12 21 -1 8
5 9 8 12 10 21 1 16
5 10 9 12 8 21 -1 32
5 9 12 10 8 21 1 8
5 12 9 8 10 21 1 8
5 9 12 8 10 21 -1 16
5 9 10 8 12 21 1 32
5 9 10 12 8 21 -1 32
5 12 9 10 8 21 -1 8
5 8 9 10 12 21 1 8
5 8 9 12 10 21 -1 8
5 8 12 9 10 21 1 32
5 12 10 9 8 21 -1 8
5 8 10 9 12 21 1 8
5 12 8 10 9 21 -1 32
5 8 12 10 9 21 1 32
5 10 8 9 12 21 -1 8
5 10 12 9 8 21 1 8
5 12 10 8 9 21 1 8
5 10 8 12 9 21 1 16
5 10 9 8 12 21 1 32
5 10 8 8 12 12 -5 128
5 8 9 11 10 12 -1 16
5 12 12 8 10 8 1 32
5 8 10 9 11 12 -1 16
5 8 10 10 10 12 1 16
5 12 8 9 11 10 1 64
5 10 12 8 9 11 1 32
5 10 8 12 9 11 -1 32
5 12 8 10 10 10 -1 128
5 9 11 12 8 10 1 32
5 8 12 10 10 10 -1 128
5 9 11 10 8 12 -1 64
5 8 10 12 12 8 1 32
5 8 12 8 10 12 -3 32
5 12 8 10 9 11 1 64
5 10 12 8 12 8 9 128
5 8 8 12 10 12 1 32
5 8 8 12 12 10 -5 128
5 12 8 10 12 8 3 64
5 8 8 10 12 12 1 64
5 8 12 10 8 12 3 64
5 10 10 12 8 10 -3 128
5 8 9 11 12 10 1 16
5 10 10 10 8 12 -1 128
5 10 8 12 10 10 -3 128
5 8 12 12 10 8 1 32
5 10 8 9 11 12 1 16
5 10 8 12 8 12 9 128
5 10 8 10 10 12 -3 32
5 12 10 8 9 11 -1 16
5 9 11 8 12 10 -1 32
5 10 12 10 8 10 3 32
5 9 11 12 10 8 -1 16
5 12 10 8 12 8 -3 32
5 8 12 9 11 10 -1 64
5 12 8 12 8 10 9 128
5 9 11 8 10 12 1 16
5 10 12 9 11 8 -1 16
5 10 12 12 8 8 -5 128
5 12 9 11 8 10 -1 16
5 10 12 10 10 8 -3 32
5 8 12 8 12 10 9 128
5 8 10 10 12 10 -3 32
5 8 10 8 12 12 1 32
5 8 12 10 9 11 -1 64
5 10 8 10 12 10 3 32
5 10 12 8 10 10 -3 128
5 8 10 12 9 11 1 16
5 10 12 8 8 12 -3 128
5 12 12 10 8 8 1 64
5 10 10 8 10 12 3 64
5 10 9 11 8 12 -1 64
5 12 8 8 12 10 -3 128
5 10 8 12 12 8 -3 128
5 12 10 12 8 8 1 32
5 12 8 10 8 12 -1 64
5 10 10 8 12 10 -3 128
5 12 8 12 10 8 -3 32
5 12 12 8 8 10 -5 128
5 12 10 10 8 10 -3 32
5 12 9 11 10 8 1 16
5 12 10 8 10 10 3 64
5 8 12 10 12 8 -1 64
5 12 10 8 8 12 1 32
5 10 10 10 12 8 -1 128
5 12 8 8 10 12 1 32
5 10 10 12 10 8 3 64
5 8 12 12 8 10 -3 128
5 8 10 12 10 10 3 64
5 8 10 12 8 12 -3 32
5 9 11 10 12 8 1 64
5 12 10 9 11 8 1 16
5 12 10 10 10 8 1 16
5 10 9 11 12 8 1 64
6 22 22 18 18 21 19 5 256
6 20 22 22 18 20 18 7 256
6 18 22 22 18 21 19 3 256
6 18 20 20 20 22 20 -1 16
6 21 19 21 19 18 22 1 128
6 20 20 22 21 19 18 -3 128
6 20 20 20 20 18 22 1 512
6 18 22 22 22 18 18 -3 256
6 18 20 20 22 22 18 1 32
6 18 18 22 22 21 19 5 256
6 22 20 18 20 18 22 1 64
6 20 22 20 22 18 18 7 256
6 20 18 21 19 20 22 3 64
6 20 20 22 20 18 20 3 64
6 22 18 18 20 20 22 1 32
6 22 18 22 22 18 18 7 256
6 18 20 20 21 19 22 -1 32
6 22 20 18 21 19 20 -3 128
6 18 20 22 20 18 22 3 64
6 18 18 22 20 20 22 1 64
6 22 20 20 20 18 20 1 16
6 18 21 19 22 18 22 3 64
6 22 20 20 20 20 18 -1 32
6 18 20 20 18 22 22 1 64
6 18 21 19 22 20 20 -3 128
6 20 20 22 18 21 19 3 256
6 18 21 19 18 22 22 -1 64
6 18 20 21 19 22 20 3 64
6 20 20 22 22 18 18 -17 1024
6 20 22 18 22 18 20 27 512
6 22 22 18 18 22 18 7 256
6 22 18 18 22 21 19 3 256
6 18 21 19 21 19 22 1 32
6 22 21 19 20 20 18 -1 32
6 22 18 22 21 19 18 3 64
6 18 22 21 19 22 18 1 128
6 18 22 22 18 22 18 3 128
6 22 18 18 20 22 20 -17 512
6 22 22 18 18 20 20 -17 1024
6 22 20 18 18 22 20 7 512
6 18 18 22 20 22 20 -7 256
6 20 18 20 21 19 22 3 64
6 22 20 21 19 18 20 3 64
6 21 19 18 22 21 19 1 64
6 20 18 20 18 22 22 -7 256
6 18 20 22 20 22 18 -1 64
6 22 18 18 21 19 22 -1 64
6 22 22 22 18 18 18 -1 384
6 22 21 19 18 21 19 1 32
6 21 19 18 22 18 22 -9 256
6 22 18 18 22 20 20 7 1024
6 18 18 22 21 19 22 -1 64
6 20 22 18 18 20 22 -7 512
6 22 20 20 18 18 22 -1 32
6 20 22 22 20 18 18 3 256
6 20 18 21 19 22 20 -3 64
6 21 19 22 18 22 18 -9 256
6 18 18 22 22 20 20 17 1024
6 20 22 21 19 20 18 3 64
6 18 22 20 18 22 20 -1 32
6 22 18 18 18 22 22 3 256
6 20 20 21 19 22 18 1 256
6 22 22 21 19 18 18 -1 128
6 21 19 18 21 19 22 -1 32
6 20 20 22 18 22 18 29 1024
6 18 22 21 19 21 19 1 128
6 20 18 20 22 20 20 -3 64
6 18 18 22 18 22 22 1 128
6 21 19 22 18 21 19 -1 64
6 20 21 19 20 22 18 1 256
6 20 20 18 22 18 22 -29 1024
6 21 19 22 20 20 18 3 64
6 22 22 18 18 18 22 -3 256
6 18 22 20 21 19 20 1 256
6 20 18 18 22 20 22 -7 256
6 20 22 22 18 18 20 -17 512
6 18 22 22 18 18 22 -1 64
6 18 20 20 22 21 19 3 64
6 20 20 20 22 18 20 -1 128
6 18 22 20 20 20 20 1 512
6 22 22 20 18 18 20 3 256
6 20 20 20 22 20 18 1 64
6 18 22 20 20 18 22 -1 64
6 20 21 19 22 18 20 3 256
6 21 19 20 18 22 20 3 256
6 20 22 18 20 20 20 -1 128
6 20 22 18 20 22 18 1 32
6 22 20 22 20 18 18 -1 128
6 18 21 19 22 21 19 -1 32
6 22 18 20 22 18 20 1 32
6 22 20 18 20 21 19 -3 128
6 22 20 21 19 20 18 -1 32
6 18 22 18 20 20 22 -1 16
6 22 18 18 22 18 22 -3 128
6 22 18 21 19 22 18 -3 128
6 18 18 20 20 22 22 1 256
6 18 18 22 22 18 22 -7 256
6 20 22 18 22 20 18 -33 512
6 20 18 22 22 20 18 7 512
6 20 18 20 22 21 19 -3 64
6 21 19 21 19 22 18 -1 128
6 22 22 18 22 18 18 -1 128
6 20 21 19 18 20 22 -3 128
6 18 20 22 18 22 20 33 512
6 22 18 20 22 20 18 -3 64
6 20 20 21 19 18 22 1 256
6 21 19 22 18 18 22 3 256
6 21 19 20 20 22 18 1 256
6 22 18 20 18 20 22 -1 64
6 18 18 21 19 22 22 -1 128
6 20 21 19 20 18 22 1 256
6 22 18 20 20 21 19 1 256
6 18 22 18 22 21 19 -9 256
6 22 21 19 21 19 18 -1 32
6 18 20 22 20 20 20 -1 64
6 22 21 19 18 22 18 3 64
6 22 20 22 18 20 18 -1 64
6 20 20 18 22 22 18 7 1024
6 18 22 18 20 22 20 39 512
6 20 20 20 20 22 18 -1 512
6 21 19 18 20 20 22 3 64
6 21 19 22 22 18 18 5 256
6 22 21 19 18 18 22 -1 64
6 22 18 20 21 19 20 1 256
6 20 22 20 20 20 18 1 16
6 20 22 20 18 22 18 -39 512
6 18 22 22 21 19 18 -1 64
6 20 18 22 18 22 20 -27 512
6 22 18 21 19 18 22 1 128
6 18 22 18 21 19 22 3 64
6 20 18 20 20 22 20 3 32
6 18 20 20 20 20 22 1 32
6 18 22 18 22 20 20 -29 1024
6 18 20 18 22 22 20 -7 256
6 18 22 18 22 22 18 -3 128
6 21 19 22 20 18 20 -3 64
6 21 19 18 20 22 20 -3 64
6 20 20 18 22 21 19 3 256
6 20 18 20 22 22 18 -17 512
6 18 22 18 18 22 22 -7 256
6 18 22 22 20 20 18 -1 32
6 22 20 20 22 18 18 -1 64
6 20 18 22 20 20 20 1 128
6 22 18 22 20 18 20 -39 512
6 20 22 20 18 21 19 -3 64
6 20 18 22 20 18 22 -1 32
6 22 18 18 22 22 18 1 64
6 20 20 18 20 22 20 -3 64
6 22 21 19 22 18 18 -1 64
6 21 19 22 21 19 18 1 32
6 22 18 20 20 22 18 1 64
6 18 21 19 20 20 22 -1 32
6 18 18 22 22 22 18 3 256
6 22 22 20 18 20 18 -1 128
6 22 20 20 18 22 18 1 16
6 22 20 18 22 18 20 -33 512
6 21 19 18 18 22 22 5 256
6 18 20 22 22 18 20 -7 512
6 20 20 18 21 19 22 -3 128
6 21 19 18 22 22 18 3 256
6 22 18 22 18 21 19 -9 256
6 18 20 18 20 22 22 1 128
6 22 21 19 18 20 20 -3 128
6 20 18 20 20 20 22 -1 16
6 18 20 20 22 18 22 -1 16
6 20 20 18 22 20 20 3 256
6 20 22 20 18 18 22 17 512
6 20 18 18 22 22 20 17 512
6 21 19 18 22 20 20 3 256
6 20 20 18 18 22 22 17 1024
6 20 20 22 20 20 18 -3 64
6 20 22 21 19 18 20 -3 64
6 20 18 22 20 22 18 3 512
6 18 20 20 22 20 20 3 64
6 22 20 20 18 21 19 3 64
6 18 20 22 20 21 19 -3 128
6 18 18 20 22 22 20 -3 256
6 18 22 18 22 18 22 1 16
6 18 20 18 22 20 22 1 64
6 20 21 19 22 20 18 -3 128
6 18 22 20 22 18 20 -3 512
6 18 22 21 19 20 20 1 256
6 18 21 19 20 22 20 3 64
6 18 22 20 22 20 18 1 64
6 18 22 22 18 20 20 -7 1024
6 20 18 18 20 22 22 -3 256
6 20 18 20 22 18 22 39 512
6 20 22 20 18 20 20 3 64
6 20 20 20 18 22 20 1 128
6 22 18 22 18 20 20 29 1024
6 18 20 22 21 19 20 -3 128
6 22 18 22 20 20 18 1 16
6 22 18 22 18 22 18 -1 16
6 21 19 22 18 20 20 3 256
6 22 21 19 20 18 20 3 64
6 20 18 22 20 21 19 3 256
6 22 22 20 20 18 18 -1 256
6 21 19 20 22 18 20 3 256
6 22 20 22 18 18 20 7 256
6 21 19 20 22 20 18 -3 128
6 18 22 20 18 20 22 3 64
6 20 20 22 18 18 22 -7 1024
6 18 22 20 20 21 19 1 256
6 20 18 22 18 20 22 33 512
6 20 22 20 21 19 18 3 64
6 20 21 19 18 22 20 3 256
6 20 22 18 20 21 19 3 256
6 20 20 22 18 20 20 -3 256
6 22 22 18 20 20 18 -1 64
6 22 22 18 21 19 18 -1 64
6 22 20 18 20 20 20 1 64
6 22 20 18 20 22 18 -3 64
6 22 20 20 18 20 20 -3 64
6 18 18 20 22 20 22 1 128
6 22 18 20 18 22 20 3 512
6 22 22 18 20 18 20 7 256
6 20 18 22 21 19 20 3 256
6 18 22 21 19 18 22 -3 128
6 22 18 21 19 21 19 -1 128
6 18 21 19 22 22 18 -1 64
6 20 22 18 20 18 22 -3 512
6 18 20 21 19 20 22 -1 32
6 21 19 20 18 20 22 -3 128
6 18 20 22 18 20 22 -1 16
6 18 22 22 20 18 20 17 512
6 20 20 18 20 20 22 3 64
6 20 22 18 21 19 20 3 256
6 22 20 18 22 20 18 1 16
6 20 20 20 18 20 22 -1 64
6 20 22 20 20 18 20 -3 32
6 22 18 22 18 18 22 3 128
6 21 19 20 20 18 22 1 256
6 22 20 20 21 19 18 -1 32
6 22 18 20 20 20 20 -1 512
6 18 18 18 22 22 22 1 384
6 22 18 21 19 20 20 1 256
6 9 22 18 18 21 22 1 32
6 9 22 20 20 21 18 1 16
6 9 22 20 18 21 20 3 64
6 9 18 22 18 21 22 -3 32
6 9 22 20 20 18 21 -3 32
6 9 22 18 22 18 21 9 128
6 9 22 18 20 20 21 -1 128
6 9 20 20 21 22 18 -1 128
6 9 18 18 22 21 22 1 32
6 9 21 19 22 21 18 -1 16
6 9 21 19 21 18 22 -1 64
6 9 22 21 18 20 20 3 64
6 9 22 21 19 18 21 -1 16
6 9 18 20 22 21 20 3 64
6 9 22 21 18 18 22 1 32
6 9 22 21 20 20 18 1 16
6 9 18 22 18 22 21 9 128
6 9 20 18 22 21 20 -3 128
6 9 22 21 18 21 19 -1 16
6 9 18 18 21 22 22 1 64
6 9 18 21 22 20 20 3 64
6 9 18 21 22 18 22 -3 32
6 9 21 18 22 22 18 -3 128
6 9 18 21 20 22 20 -3 32
6 9 18 21 20 20 22 1 16
6 9 21 18 20 22 20 3 32
6 9 20 18 20 21 22 -3 32
6 9 18 22 21 20 20 -1 128
6 9 18 20 21 22 20 -3 32
6 9 22 18 21 21 19 1 64
6 9 18 22 21 18 22 3 64
6 9 20 22 21 18 20 3 32
6 9 21 22 21 19 18 -1 16
6 9 22 21 22 18 18 1 32
6 9 20 21 20 22 18 -1 128
6 9 22 18 18 22 21 -3 128
6 9 22 21 20 18 20 -3 32
6 9 20 22 21 20 18 -3 32
6 9 20 20 22 21 18 3 64
6 9 21 22 20 20 18 -3 32
6 9 18 18 22 22 21 -5 128
6 9 18 20 22 20 21 3 64
6 9 21 20 22 20 18 3 64
6 9 21 22 18 21 19 1 32
6 9 22 22 18 18 21 -5 128
6 9 21 22 22 18 18 -5 128
6 9 18 21 18 22 22 1 32
6 9 22 18 21 19 21 1 64
6 9 18 22 20 21 20 -1 128
6 9 18 22 21 19 21 -1 64
6 9 21 21 19 22 18 1 64
6 9 18 22 22 18 21 -3 128
6 9 20 18 21 22 20 3 32
6 9 18 22 20 20 21 -1 128
6 9 20 20 21 18 22 -1 128
6 9 21 22 18 20 20 -3 128
6 9 21 22 18 22 18 9 128
6 9 21 19 18 22 21 -1 32
6 9 21 18 22 20 20 -3 128
6 9 18 21 22 21 19 1 16
6 9 20 21 18 20 22 3 64
6 9 21 18 22 18 22 9 128
6 9 20 18 20 22 21 3 32
6 9 20 22 20 18 21 3 32
6 9 22 18 21 22 18 3 64
6 9 20 22 18 20 21 -3 128
6 9 21 18 21 19 22 1 16
6 9 20 18 22 20 21 -3 128
6 9 22 21 19 21 18 1 16
6 9 18 20 21 20 22 1 16
6 9 22 21 21 19 18 1 16
6 9 20 20 18 21 22 3 64
6 9 20 22 20 21 18 -3 32
6 9 20 21 20 18 22 -1 128
6 9 20 22 18 21 20 -3 128
6 9 20 20 22 18 21 -3 128
6 9 21 22 20 18 20 3 32
6 9 20 21 18 22 20 -3 128
6 9 18 21 21 19 22 -1 16
6 9 22 20 21 18 20 -3 32
6 9 22 22 18 21 18 1 32
6 9 21 18 18 22 22 -5 128
6 9 21 20 20 18 22 -1 128
6 9 21 19 21 22 18 1 64
6 9 22 18 22 21 18 -3 32
6 9 21 18 20 20 22 -3 32
6 9 18 20 20 21 22 1 16
6 9 21 20 22 18 20 -3 128
6 9 21 21 19 18 22 -1 64
6 9 18 22 22 21 18 1 32
6 9 21 19 22 18 21 1 32
6 9 18 22 21 21 19 -1 64
6 9 22 21 18 22 18 -3 32
6 9 21 22 18 18 22 -3 128
6 9 21 20 18 22 20 -3 128
6 9 22 22 21 18 18 1 64
6 9 21 20 18 20 22 3 64
6 9 22 20 21 20 18 1 16
6 9 20 20 18 22 21 -3 128
6 9 18 20 20 22 21 -3 32
6 9 21 20 20 22 18 -1 128
6 9 18 21 22 22 18 1 32
6 9 21 18 22 21 19 -1 32
6 9 22 18 21 20 20 -1 128
6 9 20 21 22 18 20 -3 128
6 9 18 21 19 22 21 1 16
6 9 22 18 20 21 20 -1 128
6 9 18 22 21 22 18 -1 64
6 9 22 18 21 18 22 -1 64
6 9 21 19 18 21 22 1 16
6 9 22 20 18 20 21 3 64
6 9 20 18 21 20 22 -3 32
6 9 18 21 19 21 22 -1 16
6 9 20 21 22 20 18 3 64
6 9 8 22 21 19 21 -1 16
6 9 8 22 20 21 20 1 32
6 9 8 22 22 21 18 -1 32
6 9 8 22 22 18 21 -1 32
6 9 8 20 22 20 21 3 32
6 9 8 22 18 21 22 -1 32
6 9 8 18 21 22 22 1 32
6 9 8 21 21 19 22 -1 16
6 9 8 22 18 22 21 3 32
6 9 8 21 22 22 18 1 32
6 9 8 18 22 22 21 -1 32
6 9 8 21 20 20 22 1 16
6 9 8 21 20 22 20 -3 32
6 9 8 20 20 21 22 1 64
6 9 8 20 20 22 21 -3 64
6 9 8 22 21 22 18 1 32
6 9 8 21 22 18 22 -3 32
6 9 8 21 22 20 20 3 64
6 9 8 18 22 21 22 -1 32
6 9 8 21 18 22 22 1 32
6 9 8 21 19 22 21 1 16
6 9 8 21 22 21 19 1 16
6 9 8 22 21 18 22 1 32
6 9 8 20 21 20 22 -1 32
6 9 8 22 21 20 20 -1 64
6 9 8 22 20 20 21 -1 16
6 8 9 22 21 19 21 1 16
6 8 9 22 20 21 20 -1 32
6 8 9 22 22 21 18 1 32
6 8 9 22 22 18 21 1 32
6 8 9 20 22 20 21 -3 32
6 8 9 22 18 21 22 1 32
6 8 9 18 21 22 22 -1 32
6 8 9 21 21 19 22 1 16
6 8 9 22 18 22 21 -3 32
6 8 9 21 22 22 18 -1 32
6 8 9 18 22 22 21 1 32
6 8 9 21 20 20 22 -1 16
6 8 9 21 20 22 20 3 32
6 8 9 20 20 21 22 -1 64
6 8 9 20 20 22 21 3 64
6 8 9 22 21 22 18 -1 32
6 8 9 21 22 18 22 3 32
6 8 9 21 22 20 20 -3 64
6 8 9 18 22 21 22 1 32
6 8 9 21 18 22 22 -1 32
6 8 9 21 19 22 21 -1 16
6 8 9 21 22 21 19 -1 16
6 8 9 22 21 18 22 -1 32
6 8 9 20 21 20 22 1 32
6 8 9 22 21 20 20 1 64
6 8 9 22 20 20 21 1 16
6 9 10 21 20 18 22 -1 128
6 9 10 18 20 21 22 1 32
6 9 10 20 21 22 18 -1 64
6 9 10 22 18 20 21 1 128
6 9 10 22 20 21 18 1 32
6 9 10 22 18 21 20 1 64
6 9 10 20 21 18 22 -1 64
6 9 10 21 22 18 20 -3 128
6 9 10 18 21 20 22 -1 32
6 9 10 21 18 20 22 3 64
6 9 10 22 21 20 18 -1 32
6 9 10 18 22 21 20 1 64
6 9 10 22 20 18 21 -3 64
6 9 10 20 18 22 21 3 128
6 9 10 20 22 18 21 3 128
6 9 10 21 18 22 20 -3 128
6 9 10 21 20 22 18 -1 128
6 9 10 18 22 20 21 1 128
6 9 10 18 20 22 21 -3 64
6 9 10 21 22 20 18 3 64
6 9 12 18 22 21 18 -1 32
6 9 12 21 22 18 18 1 32
6 9 12 18 22 18 21 3 32
6 9 12 21 19 18 21 -1 16
6 9 12 21 18 18 22 1 32
6 9 12 21 18 20 20 3 64
6 9 12 18 18 21 22 -1 32
6 9 12 21 20 20 18 1 16
6 9 12 21 18 21 19 -1 16
6 9 12 22 21 18 18 1 32
6 9 12 22 18 21 18 -1 32
6 9 12 18 21 22 18 1 32
6 9 12 21 20 18 20 -3 32
6 9 12 18 20 21 20 1 32
6 9 12 22 18 18 21 -1 32
6 9 12 20 18 20 21 3 32
6 9 12 20 20 21 18 1 64
6 9 12 18 21 18 22 1 32
6 9 12 18 21 20 20 -1 64
6 9 12 20 21 20 18 -1 32
6 9 12 18 20 20 21 -1 16
6 9 12 21 21 19 18 1 16
6 9 12 21 18 22 18 -3 32
6 9 12 20 20 18 21 -3 64
6 9 12 18 21 19 21 1 16
6 9 12 18 18 22 21 -1 32
6 10 9 21 20 18 22 1 128
6 10 9 18 20 21 22 -1 32
6 10 9 20 21 22 18 1 64
6 10 9 22 18 20 21 -1 128
6 10 9 22 20 21 18 -1 32
6 10 9 22 18 21 20 -1 64
6 10 9 20 21 18 22 1 64
6 10 9 21 22 18 20 3 128
6 10 9 18 21 20 22 1 32
6 10 9 21 18 20 22 -3 64
6 10 9 22 21 20 18 1 32
6 10 9 18 22 21 20 -1 64
6 10 9 22 20 18 21 3 64
6 10 9 20 18 22 21 -3 128
6 10 9 20 22 18 21 -3 128
6 10 9 21 18 22 20 3 128
6 10 9 21 20 22 18 1 128
6 10 9 18 22 20 21 -1 128
6 10 9 18 20 22 21 3 64
6 10 9 21 22 20 18 -3 64
6 9 9 22 18 21 21 -1 32
6 9 9 21 21 22 18 -1 32
6 9 9 21 22 21 18 1 8
6 9 9 18 21 22 21 -1 8
6 9 9 21 21 18 22 1 32
6 9 9 18 21 21 22 1 8
6 9 9 21 18 22 21 1 16
6 9 9 18 22 21 21 1 32
6 9 9 21 22 18 21 -1 16
6 9 9 21 18 21 22 -1 8
6 9 9 22 21 21 18 -1 8
6 9 9 22 21 18 21 1 8
6 12 9 18 22 21 18 1 32
6 12 9 21 22 18 18 -1 32
6 12 9 18 22 18 21 -3 32
6 12 9 21 19 18 21 1 16
6 12 9 21 18 18 22 -1 32
6 12 9 21 18 20 20 -3 64
6 12 9 18 18 21 22 1 32
6 12 9 21 20 20 18 -1 16
6 12 9 21 18 21 19 1 16
6 12 9 22 21 18 18 -1 32
6 12 9 22 18 21 18 1 32
6 12 9 18 21 22 18 -1 32
6 12 9 21 20 18 20 3 32
6 12 9 18 20 21 20 -1 32
6 12 9 22 18 18 21 1 32
6 12 9 20 18 20 21 -3 32
6 12 9 20 20 21 18 -1 64
6 12 9 18 21 18 22 -1 32
6 12 9 18 21 20 20 1 64
6 12 9 20 21 20 18 1 32
6 12 9 18 20 20 21 1 16
6 12 9 21 21 19 18 -1 16
6 12 9 21 18 22 18 3 32
6 12 9 20 20 18 21 3 64
6 12 9 18 21 19 21 -1 16
6 12 9 18 18 22 21 1 32
6 10 12 9 21 20 18 -3 32
6 10 12 9 21 18 20 3 32
6 10 12 9 18 20 21 -3 32
6 10 12 9 20 18 21 3 32
6 9 10 12 21 20 18 1 16
6 9 10 12 20 21 18 1 32
6 9 10 12 18 21 20 1 32
6 9 10 12 21 18 20 -3 32
6 9 10 12 18 20 21 1 16
6 9 10 12 20 18 21 -3 32
6 9 8 10 21 20 22 -3 32
6 9 8 10 22 20 21 -3 32
6 9 8 10 20 22 21 3 32
6 9 8 10 21 22 20 3 32
6 8 9 10 21 20 22 1 32
6 8 9 10 22 20 21 1 32
6 8 9 10 22 21 20 -1 32
6 8 9 10 20 21 22 -1 32
6 10 9 12 21 20 18 1 32
6 10 9 12 20 21 18 -1 32
6 10 9 12 18 21 20 -1 32
6 10 9 12 18 20 21 1 32
6 12 12 9 18 21 18 -1 32
6 12 12 9 21 18 18 1 64
6 12 12 9 18 18 21 1 64
6 9 12 10 21 20 18 -3 32
6 9 12 10 21 18 20 3 32
6 9 12 10 18 20 21 -3 32
6 9 12 10 20 18 21 3 32
6 8 8 9 22 21 22 -1 32
6 8 8 9 22 22 21 1 64
6 8 8 9 21 22 22 1 64
6 10 9 10 22 21 18 -1 32
6 10 9 10 21 22 18 1 64
6 10 9 10 18 22 21 1 64
6 10 9 10 21 18 22 1 64
6 10 9 10 22 18 21 1 64
6 10 9 10 18 21 22 -1 32
6 12 9 12 18 21 18 1 16
6 12 9 12 21 18 18 -1 32
6 12 9 12 18 18 21 -1 32
6 8 10 9 21 20 22 1 16
6 8 10 9 22 20 21 1 16
6 8 10 9 22 21 20 1 32
6 8 10 9 20 22 21 -3 32
6 8 10 9 21 22 20 -3 32
6 8 10 9 20 21 22 1 32
6 9 9 8 22 21 21 1 8
6 9 9 8 21 22 21 -1 8
6 10 8 9 21 20 22 -3 32
6 10 8 9 22 20 21 -3 32
6 10 8 9 20 22 21 3 32
6 10 8 9 21 22 20 3 32
6 12 9 10 21 20 18 1 32
6 12 9 10 20 21 18 -1 32
6 12 9 10 18 21 20 -1 32
6 12 9 10 18 20 21 1 32
6 10 10 9 22 21 18 1 64
6 10 10 9 21 22 18 -1 128
6 10 10 9 18 22 21 -1 128
6 10 10 9 21 18 22 -1 128
6 10 10 9 22 18 21 -1 128
6 10 10 9 18 21 22 1 64
6 12 8 9 22 21 18 -1 32
6 12 8 9 21 22 18 3 64
6 12 8 9 20 21 20 1 64
6 12 8 9 18 22 21 3 64
6 12 8 9 21 21 19 1 64
6 12 8 9 21 20 20 -1 128
6 12 8 9 21 18 22 -1 64
6 12 8 9 20 20 21 -1 128
6 12 8 9 22 18 21 -1 64
6 12 8 9 21 19 21 -1 64
6 12 8 9 18 21 22 -1 32
6 12 10 9 21 20 18 1 16
6 12 10 9 20 21 18 1 32
6 12 10 9 18 21 20 1 32
6 12 10 9 21 18 20 -3 32
6 12 10 9 18 20 21 1 16
6 12 10 9 20 18 21 -3 32
6 9 12 9 21 21 18 -1 8
6 9 12 9 18 21 21 1 8
6 9 10 10 22 21 18 1 64
6 9 10 10 21 22 18 -1 128
6 9 10 10 18 22 21 -1 128
6 9 10 10 21 18 22 -1 128
6 9 10 10 22 18 21 -1 128
6 9 10 10 18 21 22 1 64
6 9 9 11 21 22 18 -1 64
6 9 9 11 18 22 21 -1 64
6 9 9 11 21 18 22 1 64
6 9 9 11 22 18 21 1 64
6 8 9 8 22 21 22 1 16
6 8 9 8 22 22 21 -1 32
6 8 9 8 21 22 22 -1 32
6 9 8 9 22 21 21 -1 8
6 9 8 9 21 21 22 1 8
6 8 9 9 21 22 21 1 8
6 8 9 9 21 21 22 -1 8
6 9 12 8 22 21 18 -1 32
6 9 12 8 21 22 18 -1 64
6 9 12 8 20 21 20 1 64
6 9 12 8 18 22 21 -1 64
6 9 12 8 21 21 19 -1 64
6 9 12 8 21 20 20 -1 128
6 9 12 8 21 18 22 3 64
6 9 12 8 20 20 21 -1 128
6 9 12 8 22 18 21 3 64
6 9 12 8 21 19 21 1 64
6 9 12 8 18 21 22 -1 32
6 9 9 12 21 18 21 1 8
6 9 9 12 18 21 21 -1 8
6 12 9 9 21 18 21 -1 8
6 12 9 9 21 21 18 1 8
6 9 8 8 22 21 22 -1 32
6 9 8 8 22 22 21 1 64
6 9 8 8 21 22 22 1 64
6 9 12 12 18 21 18 -1 32
6 9 12 12 21 18 18 1 64
6 9 12 12 18 18 21 1 64
6 9 10 8 21 20 22 1 16
6 9 10 8 22 20 21 1 16
6 9 10 8 22 21 20 1 32
6 9 10 8 20 22 21 -3 32
6 9 10 8 21 22 20 -3 32
6 9 10 8 20 21 22 1 32
6 10 9 8 21 20 22 1 32
6 10 9 8 22 20 21 1 32
6 10 9 8 22 21 20 -1 32
6 10 9 8 20 21 22 -1 32
6 9 11 9 21 22 18 1 64
6 9 11 9 18 22 21 1 64
6 9 11 9 21 18 22 -1 64
6 9 11 9 22 18 21 -1 64
6 8 12 9 22 21 18 -1 32
6 8 12 9 21 22 18 -1 64
6 8 12 9 20 21 20 1 64
6 8 12 9 18 22 21 -1 64
6 8 12 9 21 21 19 -1 64
6 8 12 9 21 20 20 -1 128
6 8 12 9 21 18 22 3 64
6 8 12 9 20 20 21 -1 128
6 8 12 9 22 18 21 3 64
6 8 12 9 21 19 21 1 64
6 8 12 9 18 21 22 -1 32
6 12 9 8 22 21 18 1 16
6 12 9 8 21 22 18 -1 32
6 12 9 8 20 21 20 -1 32
6 12 9 8 18 22 21 -1 32
6 12 9 8 21 20 20 1 64
6 12 9 8 21 18 22 -1 32
6 12 9 8 20 20 21 1 64
6 12 9 8 22 18 21 -1 32
6 12 9 8 18 21 22 1 16
6 9 8 12 22 21 18 -1 32
6 9 8 12 21 22 18 3 64
6 9 8 12 20 21 20 1 64
6 9 8 12 18 22 21 3 64
6 9 8 12 21 21 19 1 64
6 9 8 12 21 20 20 -1 128
6 9 8 12 21 18 22 -1 64
6 9 8 12 20 20 21 -1 128
6 9 8 12 22 18 21 -1 64
6 9 8 12 21 19 21 -1 64
6 9 8 12 18 21 22 -1 32
6 8 9 12 22 21 18 1 16
6 8 9 12 21 22 18 -1 32
6 8 9 12 20 21 20 -1 32
6 8 9 12 18 22 21 -1 32
6 8 9 12 21 20 20 1 64
6 8 9 12 21 18 22 -1 32
6 8 9 12 20 20 21 1 64
6 8 9 12 22 18 21 -1 32
6 8 9 12 18 21 22 1 16
6 9 9 8 12 21 21 1 32
6 10 10 8 9 22 21 3 64
6 10 10 8 9 21 22 -3 64
6 12 10 10 9 18 21 1 16
6 12 10 10 9 21 18 -1 16
6 9 8 10 10 22 21 -3 64
6 9 8 10 10 21 22 3 64
6 10 9 10 8 22 21 1 32
6 10 9 10 8 21 22 -1 32
6 12 9 8 8 22 21 -1 32
6 12 9 8 8 21 22 1 32
6 8 9 8 12 22 21 -1 32
6 8 9 8 12 21 22 1 32
6 10 9 10 12 18 21 1 32
6 10 9 10 12 21 18 -1 32
6 10 10 9 8 22 21 -1 64
6 10 10 9 8 21 22 1 64
6 10 12 8 9 21 20 3 128
6 10 12 8 9 20 21 -3 128
6 9 12 8 12 18 21 3 32
6 9 12 8 12 21 18 -3 32
6 9 8 9 11 22 21 1 16
6 9 8 9 11 21 22 -1 16
6 8 10 12 9 21 20 -3 64
6 8 10 12 9 20 21 3 64
6 12 8 9 10 21 20 1 64
6 12 8 9 10 20 21 -1 64
6 9 8 10 12 21 20 3 64
6 9 8 10 12 20 21 -3 64
6 12 8 8 9 22 21 1 32
6 12 8 8 9 21 22 -1 32
6 9 8 12 10 21 20 -3 128
6 9 8 12 10 20 21 3 128
6 9 12 8 9 21 21 -1 16
6 10 9 12 8 21 20 -1 64
6 10 9 12 8 20 21 1 64
6 12 8 9 8 22 21 1 32
6 12 8 9 8 21 22 -1 32
6 9 12 10 8 21 20 3 64
6 9 12 10 8 20 21 -3 64
6 8 8 9 12 22 21 1 32
6 8 8 9 12 21 22 -1 32
6 9 10 8 10 22 21 3 32
6 9 10 8 10 21 22 -3 32
6 9 12 9 8 21 21 1 8
6 8 12 8 9 22 21 -3 32
6 8 12 8 9 21 22 3 32
6 10 12 10 9 18 21 -3 32
6 10 12 10 9 21 18 3 32
6 9 9 12 8 21 21 -1 32
6 12 9 9 8 21 21 -1 8
6 12 8 9 12 18 21 1 32
6 12 8 9 12 21 18 -1 32
6 12 8 9 9 21 21 -1 32
6 9 12 8 10 21 20 -3 128
6 9 12 8 10 20 21 3 128
6 8 12 9 8 22 21 1 32
6 8 12 9 8 21 22 -1 32
6 8 9 9 12 21 21 1 8
6 8 9 12 8 22 21 -1 32
6 8 9 12 8 21 22 1 32
6 8 8 12 9 22 21 1 32
6 8 8 12 9 21 22 -1 32
6 9 12 12 8 18 21 -1 32
6 9 12 12 8 21 18 1 32
6 12 12 9 8 18 21 1 32
6 12 12 9 8 21 18 -1 32
6 9 11 12 9 18 21 -1 16
6 9 11 12 9 21 18 1 16
6 12 8 12 9 18 21 -3 32
6 12 8 12 9 21 18 3 32
6 9 10 8 12 21 20 -1 128
6 9 10 8 12 20 21 1 128
6 12 9 8 9 21 21 1 8
6 12 9 8 12 18 21 -1 32
6 12 9 8 12 21 18 1 32
6 10 10 9 12 18 21 -1 64
6 10 10 9 12 21 18 1 64
6 9 10 10 8 22 21 -1 16
6 9 10 10 8 21 22 1 16
6 9 12 10 10 18 21 -3 64
6 9 12 10 10 21 18 3 64
6 9 10 12 8 21 20 -1 128
6 9 10 12 8 20 21 1 128
6 12 9 10 8 21 20 -1 32
6 12 9 10 8 20 21 1 32
6 8 9 10 12 21 20 -1 32
6 8 9 10 12 20 21 1 32
6 8 9 11 9 22 21 -1 16
6 8 9 11 9 21 22 1 16
6 8 12 9 10 21 20 1 64
6 8 12 9 10 20 21 -1 64
6 12 10 9 8 21 20 1 32
6 12 10 9 8 20 21 -1 32
6 12 12 8 9 18 21 1 32
6 12 12 8 9 21 18 -1 32
6 9 12 9 11 18 21 -1 16
6 9 12 9 11 21 18 1 16
6 8 10 9 12 21 20 1 32
6 8 10 9 12 20 21 -1 32
6 12 9 11 9 18 21 1 16
6 12 9 11 9 21 18 -1 16
6 10 10 12 9 18 21 3 64
6 10 10 12 9 21 18 -3 64
6 9 9 11 8 22 21 -1 16
6 9 9 11 8 21 22 1 16
6 12 8 10 9 21 20 1 128
6 12 8 10 9 20 21 -1 128
6 9 8 8 12 22 21 -1 32
6 9 8 8 12 21 22 1 32
6 9 12 8 8 22 21 -1 32
6 9 12 8 8 21 22 1 32
6 8 12 9 12 18 21 1 32
6 8 12 9 12 21 18 -1 32
6 8 12 9 9 21 21 1 32
6 12 9 12 8 18 21 -1 32
6 12 9 12 8 21 18 1 32
6 8 9 12 12 18 21 -1 32
6 8 9 12 12 21 18 1 32
6 8 9 12 9 21 21 -1 8
6 9 9 11 12 18 21 1 16
6 9 9 11 12 21 18 -1 16
6 8 12 10 9 21 20 1 128
6 8 12 10 9 20 21 -1 128
6 9 11 8 9 22 21 1 16
6 9 11 8 9 21 22 -1 16
6 10 8 10 9 22 21 -3 32
6 10 8 10 9 21 22 3 32
6 8 10 9 10 22 21 -1 32
6 8 10 9 10 21 22 1 32
6 8 9 10 10 22 21 1 64
6 8 9 10 10 21 22 -1 64
6 9 8 9 12 21 21 -1 8
6 9 8 12 8 22 21 3 32
6 9 8 12 8 21 22 -3 32
6 12 10 8 9 21 20 -3 64
6 12 10 8 9 20 21 3 64
6 9 10 12 10 18 21 3 32
6 9 10 12 10 21 18 -3 32
6 10 8 12 9 21 20 3 128
6 10 8 12 9 20 21 -3 128
6 8 12 12 9 18 21 1 32
6 8 12 12 9 21 18 -1 32
6 12 10 9 10 18 21 -1 32
6 12 10 9 10 21 18 1 32
6 12 9 10 10 18 21 1 64
6 12 9 10 10 21 18 -1 64
6 9 10 10 12 18 21 -1 16
6 9 10 10 12 21 18 1 16
6 10 9 8 12 21 20 -1 64
6 10 9 8 12 20 21 1 64
6 9 8 12 12 18 21 -1 32
6 9 8 12 12 21 18 1 32
6 9 8 12 9 21 21 1 16
6 8 10 10 9 22 21 1 16
6 8 10 10 9 21 22 -1 16
6 9 12 8 12 8 21 9 128
6 8 10 12 9 10 21 3 64
6 12 10 8 9 10 21 3 64
6 10 8 9 12 10 21 3 32
6 8 10 9 10 12 21 1 16
6 10 10 9 12 8 21 -1 128
6 12 10 9 8 10 21 -3 32
6 9 10 12 8 10 21 -3 128
6 12 9 11 8 9 21 -1 16
6 9 11 8 12 9 21 -1 32
6 12 8 9 12 8 21 3 64
6 10 8 10 12 9 21 3 32
6 9 10 10 8 12 21 -1 128
6 10 12 8 10 9 21 -3 128
6 9 8 10 10 12 21 -3 32
6 12 10 9 10 8 21 1 16
6 12 8 12 9 8 21 -3 32
6 12 10 10 8 9 21 -3 32
6 10 10 12 8 9 21 -3 128
6 12 10 8 10 9 21 3 64
6 12 9 11 9 8 21 1 16
6 12 8 8 9 12 21 1 32
6 12 10 10 9 8 21 1 16
6 8 10 12 10 9 21 3 64
6 10 12 10 8 9 21 3 32
6 12 8 9 11 9 21 1 64
6 12 9 8 8 12 21 1 32
6 12 9 8 9 11 21 -1 16
6 8 12 8 12 9 21 9 128
6 8 9 11 9 12 21 -1 16
6 12 12 8 8 9 21 -5 128
6 9 12 9 11 8 21 -1 16
6 8 9 12 8 12 21 -3 32
6 8 9 10 10 12 21 1 16
6 9 12 12 8 8 21 -5 128
6 9 12 10 10 8 21 -3 32
6 8 12 10 9 10 21 -1 128
6 12 9 8 12 8 21 -3 32
6 9 11 9 8 12 21 -1 64
6 9 8 10 12 10 21 3 32
6 8 9 12 12 8 21 1 32
6 9 12 8 10 10 21 -3 128
6 12 9 9 11 8 21 1 16
6 9 12 8 8 12 21 -3 128
6 12 12 8 9 8 21 1 32
6 10 9 10 8 12 21 -1 128
6 12 8 9 9 11 21 1 64
6 9 10 8 10 12 21 3 64
6 9 8 12 10 10 21 -3 128
6 9 8 9 11 12 21 1 16
6 9 8 12 8 12 21 9 128
6 8 8 9 12 12 21 1 64
6 9 9 11 8 12 21 -1 64
6 10 8 12 9 10 21 -3 128
6 8 12 12 9 8 21 1 32
6 12 8 10 10 9 21 -1 128
6 9 12 10 8 10 21 3 32
6 9 11 12 8 9 21 1 32
6 10 9 12 8 10 21 -3 128
6 8 12 10 10 9 21 -1 128
6 8 9 8 12 12 21 1 32
6 10 8 9 10 12 21 -3 32
6 9 8 12 12 8 21 -3 128
6 8 9 12 9 11 21 1 16
6 8 12 9 9 11 21 -1 64
6 8 9 9 11 12 21 -1 16
6 8 12 8 9 12 21 -3 32
6 9 10 8 12 10 21 -3 128
6 9 11 12 9 8 21 -1 16
6 8 12 9 8 12 21 3 64
6 8 12 9 11 9 21 -1 64
6 8 9 10 12 10 21 -3 32
6 10 8 10 9 12 21 -3 32
6 8 8 12 9 12 21 1 32
6 8 8 12 12 9 21 -5 128
6 8 10 9 12 10 21 -3 32
6 9 10 10 12 8 21 -1 128
6 8 12 9 12 8 21 -1 64
6 10 8 12 10 9 21 -3 128
6 9 10 12 10 8 21 3 64
6 12 9 12 8 8 21 1 32
6 9 11 8 9 12 21 1 16
6 10 9 8 12 10 21 -3 128
6 10 12 9 10 8 21 -3 32
6 10 10 12 9 8 21 3 64
6 8 12 12 8 9 21 -3 128
6 12 8 9 8 12 21 -1 64
6 12 9 8 10 10 21 3 64
6 10 10 8 12 9 21 -3 128
6 9 11 9 12 8 21 1 64
6 10 9 12 10 8 21 3 64
6 10 10 9 8 12 21 -1 128
6 9 9 11 12 8 21 1 64
6 8 9 12 10 10 21 3 64
6 9 8 8 12 12 21 -5 128
6 12 9 10 8 10 21 -3 32
6 12 8 12 8 9 21 9 128
6 10 9 8 10 12 21 3 64
6 10 12 8 9 10 21 -3 128
6 8 9 11 12 9 21 1 16
6 10 12 9 8 10 21 3 32
6 12 12 9 8 8 21 1 64
6 8 10 10 9 12 21 1 16
6 8 10 10 12 9 21 -3 32
6 12 9 10 10 8 21 1 16
6 9 12 8 9 11 21 1 32
6 9 8 12 9 11 21 -1 32
6 10 9 10 12 8 21 -1 128
6 12 8 8 12 9 21 -3 128
6 12 8 9 10 10 21 -1 128
6 10 10 8 9 12 21 3 64
6 12 8 10 9 10 21 -1 128
6 10 12 10 9 8 21 -3 32
6 8 12 9 10 10 21 -1 128
6 8 10 8 12 10 12 1 64
6 10 8 10 12 8 12 39 512
6 9 11 10 8 10 12 -3 128
6 9 11 8 12 12 8 3 256
6 8 12 10 12 10 8 1 64
6 12 10 10 9 11 8 -1 32
6 12 10 8 9 11 10 -3 128
6 9 11 8 10 12 10 -3 64
6 8 12 10 10 10 10 1 512
6 10 10 12 10 8 10 3 64
6 9 11 12 8 9 11 -1 64
6 12 9 11 10 10 8 -1 32
6 10 10 12 8 8 12 -7 1024
6 12 10 8 10 8 12 1 64
6 12 12 8 10 10 8 -1 64
6 10 8 12 10 10 10 1 128
6 12 8 9 11 12 8 -3 128
6 8 8 12 10 12 10 -7 256
6 10 8 8 12 12 10 17 512
6 9 11 12 10 8 10 -3 64
6 12 10 10 8 8 12 -1 32
6 9 11 10 10 12 8 1 256
6 10 8 9 11 12 10 -3 64
6 8 12 8 12 12 8 -3 128
6 12 8 10 8 10 12 -1 64
6 10 8 10 12 12 8 -17 512
6 8 12 10 12 8 10 -3 512
6 8 8 9 11 12 12 -1 128
6 8 9 11 10 10 12 -1 32
6 8 8 10 10 12 12 1 256
6 12 12 8 12 8 8 -1 128
6 8 12 12 10 8 10 17 512
6 10 12 8 12 8 10 27 512
6 9 11 12 9 11 8 1 32
6 8 10 12 10 10 10 -1 64
6 8 12 12 12 8 8 -3 256
6 12 8 10 10 9 11 1 256
6 10 10 8 12 10 10 3 256
6 9 11 10 10 8 12 1 256
6 10 10 10 12 10 8 1 64
6 8 8 12 12 8 12 -7 256
6 10 12 10 12 8 8 7 256
6 8 8 12 9 11 12 -1 64
6 12 8 12 10 8 10 -39 512
6 12 8 10 10 12 8 1 64
6 9 11 8 12 10 10 3 256
6 10 8 8 10 12 12 -3 256
6 10 8 12 9 11 10 3 256
6 8 12 10 10 8 12 -1 64
6 9 11 8 9 11 12 -1 32
6 8 10 10 10 10 12 1 32
6 12 8 12 8 9 11 -9 256
6 10 10 12 10 10 8 -3 64
6 12 9 11 8 10 10 -3 128
6 8 10 10 12 9 11 3 64
6 10 10 8 12 12 8 7 1024
6 12 8 10 9 11 10 1 256
6 12 10 9 11 10 8 -1 32
6 8 12 8 9 11 12 3 64
6 8 12 8 12 10 10 -29 1024
6 10 10 10 12 8 10 -1 128
6 10 9 11 10 8 12 1 256
6 12 8 12 9 11 8 3 64
6 8 9 11 9 11 12 1 32
6 12 10 8 12 8 10 -33 512
6 10 10 10 10 12 8 -1 512
6 10 10 12 12 8 8 -17 1024
6 12 8 8 12 10 10 7 1024
6 12 8 9 11 10 10 1 256
6 12 12 12 8 8 8 -1 384
6 9 11 8 10 10 12 3 64
6 8 10 12 12 8 10 -7 512
6 8 8 12 12 10 10 17 1024
6 12 12 10 8 8 10 3 256
6 9 11 8 12 9 11 1 64
6 12 12 8 8 12 8 7 256
6 12 10 10 12 8 8 -1 64
6 10 8 12 8 12 10 -27 512
6 8 12 8 12 9 11 -9 256
6 8 9 11 12 10 10 -3 128
6 10 9 11 8 12 10 3 256
6 10 8 10 12 9 11 -3 64
6 10 10 9 11 8 12 1 256
6 10 8 10 10 10 12 -1 16
6 9 11 8 12 8 12 -9 256
6 8 10 12 10 12 8 -1 64
6 12 8 8 12 9 11 3 256
6 10 12 12 8 8 10 -17 512
6 12 8 8 10 10 12 1 32
6 8 10 10 10 12 10 -1 16
6 12 12 8 8 8 12 -3 256
6 8 8 12 10 10 12 1 64
6 12 8 12 12 8 8 7 256
6 9 11 9 11 12 8 -1 128
6 8 10 12 10 8 12 3 64
6 8 10 10 12 10 10 3 64
6 12 8 8 12 8 12 -3 128
6 10 8 10 10 12 10 3 32
6 12 10 8 8 12 10 7 512
6 12 8 9 11 8 12 1 128
6 8 12 10 8 10 12 3 64
6 10 12 12 8 10 8 7 256
6 10 12 8 10 10 10 -1 128
6 12 10 10 10 8 10 1 16
6 8 8 12 12 12 8 3 256
6 8 9 11 12 9 11 -1 32
6 10 8 12 10 12 8 3 512
6 12 10 12 8 8 10 7 256
6 12 8 12 8 10 10 29 1024
6 8 9 11 12 8 12 3 64
6 10 9 11 8 10 12 -3 128
6 10 12 8 8 10 12 -7 512
6 8 12 10 10 9 11 1 256
6 12 12 8 10 8 10 7 256
6 10 12 8 9 11 10 3 256
6 10 12 8 10 9 11 3 256
6 10 8 12 10 8 12 -1 32
6 12 12 8 8 9 11 5 256
6 10 12 8 10 12 8 1 32
6 12 10 10 10 10 8 -1 32
6 8 12 8 10 12 10 39 512
6 8 12 12 8 9 11 3 256
6 8 9 11 12 12 8 -1 64
6 8 10 8 12 12 10 -7 256
6 8 12 10 9 11 10 1 256
6 8 9 11 10 12 10 3 64
6 12 10 8 10 10 10 1 64
6 8 8 12 8 12 12 1 128
6 12 12 9 11 8 8 -1 128
6 10 12 10 8 9 11 -3 64
6 10 12 8 10 8 12 -3 512
6 8 10 9 11 10 12 -1 32
6 12 9 11 10 8 10 3 64
6 10 12 9 11 8 10 -3 64
6 8 12 12 9 11 8 -1 64
6 12 9 11 12 8 8 -1 64
6 9 11 12 8 12 8 -9 256
6 10 9 11 12 8 10 3 256
6 9 11 10 12 10 8 -3 128
6 10 8 8 12 10 12 -7 256
6 8 10 10 12 12 8 1 32
6 8 10 12 8 10 12 -1 16
6 9 11 12 10 10 8 3 64
6 10 8 12 12 10 8 7 512
6 12 8 12 8 8 12 3 128
6 8 12 12 8 12 8 3 128
6 12 10 8 10 9 11 -3 128
6 8 10 8 10 12 12 1 128
6 8 10 12 9 11 10 -3 128
6 8 10 12 10 9 11 -3 128
6 10 10 8 10 12 10 -3 64
6 8 9 11 8 12 12 -1 64
6 10 10 12 8 9 11 3 256
6 8 12 12 10 10 8 -1 32
6 8 12 8 8 12 12 -7 256
6 10 12 10 8 12 8 -39 512
6 8 12 10 8 12 10 -1 32
6 12 8 12 8 12 8 -1 16
6 10 12 9 11 10 8 3 64
6 12 8 10 12 10 8 -3 64
6 12 10 10 8 9 11 3 64
6 10 8 9 11 10 12 3 64
6 12 10 9 11 8 10 3 64
6 12 8 12 10 10 8 1 16
6 10 10 12 9 11 8 -3 128
6 9 11 12 12 8 8 5 256
6 10 12 8 12 10 8 -33 512
6 8 12 8 10 10 12 -1 16
6 9 11 10 12 8 10 3 256
6 8 10 10 9 11 12 -1 32
6 8 8 8 12 12 12 1 384
6 10 9 11 12 10 8 -3 128
6 8 8 10 12 12 10 -3 256
6 10 8 12 8 10 12 33 512
6 10 10 8 9 11 12 -3 128
6 12 8 10 10 10 10 -1 512
6 10 10 12 8 12 8 29 1024
6 10 10 10 10 8 12 1 512
6 8 10 12 8 12 10 33 512
6 9 11 9 11 8 12 1 128
6 9 11 12 8 10 10 3 256
6 8 12 9 11 9 11 1 128
6 8 12 8 12 8 12 1 16
6 12 10 10 8 12 8 1 16
6 12 8 8 12 12 8 1 64
6 10 10 10 8 12 10 1 128
6 8 12 9 11 8 12 -3 128
6 10 8 12 10 9 11 3 256
6 12 8 8 10 12 10 -17 512
6 10 10 8 8 12 12 17 1024
6 12 8 10 12 8 10 1 32
6 12 12 8 8 10 10 -17 1024
6 12 10 8 12 10 8 1 16
6 10 10 8 10 10 12 3 64
6 8 12 12 8 10 10 -7 1024
6 9 11 8 8 12 12 5 256
6 10 8 10 9 11 12 3 64
6 9 11 10 8 12 10 3 256
6 12 12 10 8 10 8 -1 128
6 8 10 10 8 12 12 1 64
6 10 12 10 8 10 10 3 64
6 12 8 8 9 11 12 -1 64
6 8 12 9 11 12 8 1 128
6 10 10 8 12 9 11 3 256
6 10 10 8 12 8 12 -29 1024
6 10 8 10 12 10 10 -3 64
6 12 8 8 8 12 12 3 256
6 10 12 10 10 8 10 -3 32
6 12 8 10 8 12 10 3 512
6 12 12 8 9 11 8 -1 64
6 9 11 12 8 8 12 3 256
6 10 12 12 10 8 8 3 256
6 10 10 12 8 10 10 -3 256
6 8 8 10 12 10 12 1 128
6 8 10 10 12 8 12 -1 16
6 10 8 10 8 12 12 -7 256
6 12 12 10 10 8 8 -1 256
6 8 8 12 12 9 11 5 256
6 10 12 10 9 11 8 3 64
6 12 9 11 8 12 8 3 64
6 10 10 9 11 12 8 1 256
6 12 9 11 8 9 11 1 32
6 8 12 12 8 8 12 -1 64
6 10 9 11 10 12 8 1 256
6 12 10 10 8 10 10 -3 64
6 10 12 10 8 8 12 17 512
6 8 10 9 11 12 10 3 64
6 10 10 10 8 10 12 -1 64
6 12 9 11 9 11 8 -1 32
6 12 10 12 8 10 8 -1 64
6 12 8 9 11 9 11 -1 128
6 12 10 8 10 12 8 -3 64
6 8 12 9 11 10 10 1 256
6 10 12 10 10 10 8 1 16
6 12 10 12 10 8 8 -1 128
6 12 9 11 8 8 12 -1 64
